12
31
12
1
-----
1251
afs3523
123
12
21412
1231
312
21412.0
1.0
24397.0
12
1
=====
+
312
123
24397.0фыа
фыафыфа1.0
70655.0
123123
131
312312
312312.0
1.0
601274.0
112412
12
601274.0
1.0
1627285.0
1
1627285.0
1.0
3855846.0
1
3855846.0
1.0
9338979.0
1
9338979.0
1.0
22533806.0
1
22533806.0
1.0
54406593.0
1
54406593.0
1.0
131346994.0
1
131346994.0
1.0
317100583.0
1
317100583.0
1.0
765548162.0
3123
1
765548162.0
1.0
1848175634.0
3
1
2
3
1
2
3
4
1
2
3
1
2
2.0
2.0
2.0
24
1
2
3
1
2
2.0
2.0
2.0
5
1
2
41
1
2
2.0
2.0
2.0
41
2
1
2
3
1
1.0
1.0
1.0
15
12
12
12
412
412.0
412.0
412.0
12
31
2
124
12
12.0
12.0
12.0
21
12
421
412
412
412.0
412.0
412.0
235
215215
215
215.0
215.0
215.0
23
4
3214
214
214.0
214.0
214.0
243
1325
1325
125325132532152135
1.2532513253215213e+17
1.2532513253215213e+17
1.2532513253215213e+17
